    speed
1   9.172
2   9.350
3   9.483
4   9.558
5   9.775
6  10.227
7  10.406
8  16.084
9  16.170
10 18.419
11 18.552
12 18.600
13 18.927
14 19.052
15 19.070
16 19.330
17 19.343
18 19.349
19 19.440
20 19.473
21 19.529
22 19.541
23 19.547
24 19.663
25 19.846
26 19.856
27 19.863
28 19.914
29 19.918
30 19.973
31 19.989
32 20.166
33 20.175
34 20.179
35 20.196
36 20.215
37 20.221
38 20.415
39 20.629
40 20.795
41 20.821
42 20.846
43 20.875
44 20.986
45 21.137
46 21.492
47 21.701
48 21.814
49 21.921
50 21.960
51 22.185
52 22.209
53 22.242
54 22.249
55 22.314
56 22.374
57 22.495
58 22.746
59 22.747
60 22.888
61 22.914
62 23.206
63 23.241
64 23.263
65 23.484
66 23.538
67 23.542
68 23.666
69 23.706
70 23.711
71 24.129
72 24.285
73 24.289
74 24.368
75 24.717
76 24.990
77 25.633
78 26.960
79 26.995
80 32.065
81 32.789
82 34.279
